outcome,predictor,n,pct,time.point,variable,chi.sq,df,p.value,cramers.v
Meaningful emp region,AI,317,0.07867957309506081,after.ed.1,RaceEthnicity,166.1897043702481,16,4.8379466157115904e-27,0.046339785867173876
Meaningful emp region,Asian/PI,23,0.0057086125589476296,after.ed.1,RaceEthnicity,166.1897043702481,16,4.8379466157115904e-27,0.046339785867173876
Meaningful emp region,Black,54,0.01340282948622487,after.ed.1,RaceEthnicity,166.1897043702481,16,4.8379466157115904e-27,0.046339785867173876
Meaningful emp region,Hispanic,113,0.028046661702655747,after.ed.1,RaceEthnicity,166.1897043702481,16,4.8379466157115904e-27,0.046339785867173876
Meaningful emp region,White,3522,0.874162323157111,after.ed.1,RaceEthnicity,166.1897043702481,16,4.8379466157115904e-27,0.046339785867173876
Meaningful emp MN,AI,78,0.06908768821966342,after.ed.1,RaceEthnicity,166.1897043702481,16,4.8379466157115904e-27,0.046339785867173876
Meaningful emp MN,Asian/PI,13,0.011514614703277236,after.ed.1,RaceEthnicity,166.1897043702481,16,4.8379466157115904e-27,0.046339785867173876
Meaningful emp MN,Black,24,0.021257750221434897,after.ed.1,RaceEthnicity,166.1897043702481,16,4.8379466157115904e-27,0.046339785867173876
Meaningful emp MN,Hispanic,35,0.03100088573959256,after.ed.1,RaceEthnicity,166.1897043702481,16,4.8379466157115904e-27,0.046339785867173876
Meaningful emp MN,White,979,0.8671390611160319,after.ed.1,RaceEthnicity,166.1897043702481,16,4.8379466157115904e-27,0.046339785867173876
Not meaningful_in_only,AI,445,0.09251559251559252,after.ed.1,RaceEthnicity,166.1897043702481,16,4.8379466157115904e-27,0.046339785867173876
Not meaningful_in_only,Asian/PI,41,0.008523908523908524,after.ed.1,RaceEthnicity,166.1897043702481,16,4.8379466157115904e-27,0.046339785867173876
Not meaningful_in_only,Black,89,0.018503118503118504,after.ed.1,RaceEthnicity,166.1897043702481,16,4.8379466157115904e-27,0.046339785867173876
Not meaningful_in_only,Hispanic,149,0.03097713097713098,after.ed.1,RaceEthnicity,166.1897043702481,16,4.8379466157115904e-27,0.046339785867173876
Not meaningful_in_only,White,4086,0.8494802494802495,after.ed.1,RaceEthnicity,166.1897043702481,16,4.8379466157115904e-27,0.046339785867173876
Not meaningful - other,AI,249,0.08261446582614466,after.ed.1,RaceEthnicity,166.1897043702481,16,4.8379466157115904e-27,0.046339785867173876
Not meaningful - other,Asian/PI,26,0.008626410086264101,after.ed.1,RaceEthnicity,166.1897043702481,16,4.8379466157115904e-27,0.046339785867173876
Not meaningful - other,Black,94,0.031187790311877902,after.ed.1,RaceEthnicity,166.1897043702481,16,4.8379466157115904e-27,0.046339785867173876
Not meaningful - other,Hispanic,106,0.035169210351692105,after.ed.1,RaceEthnicity,166.1897043702481,16,4.8379466157115904e-27,0.046339785867173876
Not meaningful - other,White,2539,0.8424021234240212,after.ed.1,RaceEthnicity,166.1897043702481,16,4.8379466157115904e-27,0.046339785867173876
No MN emp record,AI,497,0.07807100219918316,after.ed.1,RaceEthnicity,166.1897043702481,16,4.8379466157115904e-27,0.046339785867173876
No MN emp record,Asian/PI,126,0.019792648444863337,after.ed.1,RaceEthnicity,166.1897043702481,16,4.8379466157115904e-27,0.046339785867173876
No MN emp record,Black,120,0.01885014137606032,after.ed.1,RaceEthnicity,166.1897043702481,16,4.8379466157115904e-27,0.046339785867173876
No MN emp record,Hispanic,351,0.05513666352497644,after.ed.1,RaceEthnicity,166.1897043702481,16,4.8379466157115904e-27,0.046339785867173876
No MN emp record,White,5272,0.8281495444549167,after.ed.1,RaceEthnicity,166.1897043702481,16,4.8379466157115904e-27,0.046339785867173876
Meaningful emp region,0,2070,0.5137751303052867,after.ed.1,economic.status,72.21146841008668,4,7.743189697427945e-15,0.061092099278693884
Meaningful emp region,1,1959,0.48622486969471335,after.ed.1,economic.status,72.21146841008668,4,7.743189697427945e-15,0.061092099278693884
Meaningful emp MN,0,564,0.4995571302037201,after.ed.1,economic.status,72.21146841008668,4,7.743189697427945e-15,0.061092099278693884
Meaningful emp MN,1,565,0.5004428697962799,after.ed.1,economic.status,72.21146841008668,4,7.743189697427945e-15,0.061092099278693884
Not meaningful_in_only,0,2411,0.5012474012474012,after.ed.1,economic.status,72.21146841008668,4,7.743189697427945e-15,0.061092099278693884
Not meaningful_in_only,1,2399,0.49875259875259875,after.ed.1,economic.status,72.21146841008668,4,7.743189697427945e-15,0.061092099278693884
Not meaningful - other,0,1377,0.4568679495686795,after.ed.1,economic.status,72.21146841008668,4,7.743189697427945e-15,0.061092099278693884
Not meaningful - other,1,1637,0.5431320504313205,after.ed.1,economic.status,72.21146841008668,4,7.743189697427945e-15,0.061092099278693884
No MN emp record,0,3487,0.5477536914860195,after.ed.1,economic.status,72.21146841008668,4,7.743189697427945e-15,0.061092099278693884
No MN emp record,1,2879,0.4522463085139805,after.ed.1,economic.status,72.21146841008668,4,7.743189697427945e-15,0.061092099278693884
Meaningful emp region,0,3100,0.769421692727724,after.ed.1,SpecialEdStatus,35.17215997999238,4,4.2820358991425653e-7,0.04263649352262104
Meaningful emp region,1,929,0.230578307272276,after.ed.1,SpecialEdStatus,35.17215997999238,4,4.2820358991425653e-7,0.04263649352262104
Meaningful emp MN,0,915,0.8104517271922055,after.ed.1,SpecialEdStatus,35.17215997999238,4,4.2820358991425653e-7,0.04263649352262104
Meaningful emp MN,1,214,0.18954827280779452,after.ed.1,SpecialEdStatus,35.17215997999238,4,4.2820358991425653e-7,0.04263649352262104
Not meaningful_in_only,0,3619,0.7523908523908523,after.ed.1,SpecialEdStatus,35.17215997999238,4,4.2820358991425653e-7,0.04263649352262104
Not meaningful_in_only,1,1191,0.24760914760914762,after.ed.1,SpecialEdStatus,35.17215997999238,4,4.2820358991425653e-7,0.04263649352262104
Not meaningful - other,0,2286,0.7584605175846052,after.ed.1,SpecialEdStatus,35.17215997999238,4,4.2820358991425653e-7,0.04263649352262104
Not meaningful - other,1,728,0.24153948241539483,after.ed.1,SpecialEdStatus,35.17215997999238,4,4.2820358991425653e-7,0.04263649352262104
No MN emp record,0,4690,0.7367263587810242,after.ed.1,SpecialEdStatus,35.17215997999238,4,4.2820358991425653e-7,0.04263649352262104
No MN emp record,1,1676,0.2632736412189758,after.ed.1,SpecialEdStatus,35.17215997999238,4,4.2820358991425653e-7,0.04263649352262104
Meaningful emp region,F,1502,0.37279722015388433,after.ed.1,Gender,102.54430151475083,4,2.8252586966703685e-21,0.07280106393313851
Meaningful emp region,M,2527,0.6272027798461156,after.ed.1,Gender,102.54430151475083,4,2.8252586966703685e-21,0.07280106393313851
Meaningful emp MN,F,448,0.39681133746678476,after.ed.1,Gender,102.54430151475083,4,2.8252586966703685e-21,0.07280106393313851
Meaningful emp MN,M,681,0.6031886625332152,after.ed.1,Gender,102.54430151475083,4,2.8252586966703685e-21,0.07280106393313851
Not meaningful_in_only,F,2193,0.4559251559251559,after.ed.1,Gender,102.54430151475083,4,2.8252586966703685e-21,0.07280106393313851
Not meaningful_in_only,M,2617,0.5440748440748441,after.ed.1,Gender,102.54430151475083,4,2.8252586966703685e-21,0.07280106393313851
Not meaningful - other,F,1405,0.4661579296615793,after.ed.1,Gender,102.54430151475083,4,2.8252586966703685e-21,0.07280106393313851
Not meaningful - other,M,1609,0.5338420703384207,after.ed.1,Gender,102.54430151475083,4,2.8252586966703685e-21,0.07280106393313851
No MN emp record,F,2540,0.39899465912661014,after.ed.1,Gender,102.54430151475083,4,2.8252586966703685e-21,0.07280106393313851
No MN emp record,M,3826,0.6010053408733899,after.ed.1,Gender,102.54430151475083,4,2.8252586966703685e-21,0.07280106393313851
Meaningful emp region,Entirely rural,378,0.09381980640357408,after.ed.1,Dem_Desc,631.9990990303797,12,1.546303829696429e-127,0.1043469027745466
Meaningful emp region,Entirely urban,283,0.07024075452965997,after.ed.1,Dem_Desc,631.9990990303797,12,1.546303829696429e-127,0.1043469027745466
Meaningful emp region,Town/rural mix,2536,0.6294365847604865,after.ed.1,Dem_Desc,631.9990990303797,12,1.546303829696429e-127,0.1043469027745466
Meaningful emp region,Urban/town/rural mix,832,0.2065028543062795,after.ed.1,Dem_Desc,631.9990990303797,12,1.546303829696429e-127,0.1043469027745466
Meaningful emp MN,Entirely rural,81,0.071744906997342775,after.ed.1,Dem_Desc,631.9990990303797,12,1.546303829696429e-127,0.1043469027745466
Meaningful emp MN,Entirely urban,72,0.0637732506643047,after.ed.1,Dem_Desc,631.9990990303797,12,1.546303829696429e-127,0.1043469027745466
Meaningful emp MN,Town/rural mix,799,0.7077059344552702,after.ed.1,Dem_Desc,631.9990990303797,12,1.546303829696429e-127,0.1043469027745466
Meaningful emp MN,Urban/town/rural mix,177,0.15677590788308238,after.ed.1,Dem_Desc,631.9990990303797,12,1.546303829696429e-127,0.1043469027745466
Not meaningful_in_only,Entirely rural,585,0.12162162162162163,after.ed.1,Dem_Desc,631.9990990303797,12,1.546303829696429e-127,0.1043469027745466
Not meaningful_in_only,Entirely urban,552,0.11476091476091477,after.ed.1,Dem_Desc,631.9990990303797,12,1.546303829696429e-127,0.1043469027745466
Not meaningful_in_only,Town/rural mix,2665,0.5540540540540541,after.ed.1,Dem_Desc,631.9990990303797,12,1.546303829696429e-127,0.1043469027745466
Not meaningful_in_only,Urban/town/rural mix,1008,0.20956340956340958,after.ed.1,Dem_Desc,631.9990990303797,12,1.546303829696429e-127,0.1043469027745466
Not meaningful - other,Entirely rural,253,0.08394160583941605,after.ed.1,Dem_Desc,631.9990990303797,12,1.546303829696429e-127,0.1043469027745466
Not meaningful - other,Entirely urban,298,0.09887193098871931,after.ed.1,Dem_Desc,631.9990990303797,12,1.546303829696429e-127,0.1043469027745466
Not meaningful - other,Town/rural mix,1920,0.6370272063702721,after.ed.1,Dem_Desc,631.9990990303797,12,1.546303829696429e-127,0.1043469027745466
Not meaningful - other,Urban/town/rural mix,543,0.18015925680159256,after.ed.1,Dem_Desc,631.9990990303797,12,1.546303829696429e-127,0.1043469027745466
No MN emp record,Entirely rural,673,0.10571787621740496,after.ed.1,Dem_Desc,631.9990990303797,12,1.546303829696429e-127,0.1043469027745466
No MN emp record,Entirely urban,1237,0.19431354068488846,after.ed.1,Dem_Desc,631.9990990303797,12,1.546303829696429e-127,0.1043469027745466
No MN emp record,Town/rural mix,3078,0.48350612629594725,after.ed.1,Dem_Desc,631.9990990303797,12,1.546303829696429e-127,0.1043469027745466
No MN emp record,Urban/town/rural mix,1378,0.21646245680175935,after.ed.1,Dem_Desc,631.9990990303797,12,1.546303829696429e-127,0.1043469027745466
Meaningful emp region,CTE Concentrator or Completor,2339,0.5805410771903698,after.ed.1,cte.achievement,199.6340709185147,8,7.631182357311341e-39,0.07182643216979068
Meaningful emp region,CTE Participant,1009,0.2504343509555721,after.ed.1,cte.achievement,199.6340709185147,8,7.631182357311341e-39,0.07182643216979068
Meaningful emp region,No CTE,681,0.1690245718540581,after.ed.1,cte.achievement,199.6340709185147,8,7.631182357311341e-39,0.07182643216979068
Meaningful emp MN,CTE Concentrator or Completor,560,0.49601417183348095,after.ed.1,cte.achievement,199.6340709185147,8,7.631182357311341e-39,0.07182643216979068
Meaningful emp MN,CTE Participant,313,0.27723649247121346,after.ed.1,cte.achievement,199.6340709185147,8,7.631182357311341e-39,0.07182643216979068
Meaningful emp MN,No CTE,256,0.2267493356953056,after.ed.1,cte.achievement,199.6340709185147,8,7.631182357311341e-39,0.07182643216979068
Not meaningful_in_only,CTE Concentrator or Completor,2425,0.5041580041580042,after.ed.1,cte.achievement,199.6340709185147,8,7.631182357311341e-39,0.07182643216979068
Not meaningful_in_only,CTE Participant,1342,0.279002079002079,after.ed.1,cte.achievement,199.6340709185147,8,7.631182357311341e-39,0.07182643216979068
Not meaningful_in_only,No CTE,1043,0.21683991683991685,after.ed.1,cte.achievement,199.6340709185147,8,7.631182357311341e-39,0.07182643216979068
Not meaningful - other,CTE Concentrator or Completor,1393,0.4621765096217651,after.ed.1,cte.achievement,199.6340709185147,8,7.631182357311341e-39,0.07182643216979068
Not meaningful - other,CTE Participant,867,0.28765759787657597,after.ed.1,cte.achievement,199.6340709185147,8,7.631182357311341e-39,0.07182643216979068
Not meaningful - other,No CTE,754,0.25016589250165894,after.ed.1,cte.achievement,199.6340709185147,8,7.631182357311341e-39,0.07182643216979068
No MN emp record,CTE Concentrator or Completor,2949,0.4632422243166824,after.ed.1,cte.achievement,199.6340709185147,8,7.631182357311341e-39,0.07182643216979068
No MN emp record,CTE Participant,1723,0.2706566132579328,after.ed.1,cte.achievement,199.6340709185147,8,7.631182357311341e-39,0.07182643216979068
No MN emp record,No CTE,1694,0.26610116242538484,after.ed.1,cte.achievement,199.6340709185147,8,7.631182357311341e-39,0.07182643216979068
Meaningful emp region,0,2350,0.8453237410071942,after.ed.1,pseo.participant,39.334401983883566,4,5.94189260206415e-8,0.05472108576921832
Meaningful emp region,1,430,0.15467625899280577,after.ed.1,pseo.participant,39.334401983883566,4,5.94189260206415e-8,0.05472108576921832
Meaningful emp MN,0,605,0.7939632545931758,after.ed.1,pseo.participant,39.334401983883566,4,5.94189260206415e-8,0.05472108576921832
Meaningful emp MN,1,157,0.20603674540682415,after.ed.1,pseo.participant,39.334401983883566,4,5.94189260206415e-8,0.05472108576921832
Not meaningful_in_only,0,2635,0.7965538089480049,after.ed.1,pseo.participant,39.334401983883566,4,5.94189260206415e-8,0.05472108576921832
Not meaningful_in_only,1,673,0.20344619105199516,after.ed.1,pseo.participant,39.334401983883566,4,5.94189260206415e-8,0.05472108576921832
Not meaningful - other,0,1719,0.8197424892703863,after.ed.1,pseo.participant,39.334401983883566,4,5.94189260206415e-8,0.05472108576921832
Not meaningful - other,1,378,0.18025751072961374,after.ed.1,pseo.participant,39.334401983883566,4,5.94189260206415e-8,0.05472108576921832
No MN emp record,0,3523,0.8410121747433755,after.ed.1,pseo.participant,39.334401983883566,4,5.94189260206415e-8,0.05472108576921832
No MN emp record,1,666,0.1589878252566245,after.ed.1,pseo.participant,39.334401983883566,4,5.94189260206415e-8,0.05472108576921832
Meaningful emp region,No,2426,0.6021345246959543,after.ed.1,attended.ps,217.211791902577,4,7.462641907964745e-46,0.1059555377118622
Meaningful emp region,Yes,1603,0.39786547530404565,after.ed.1,attended.ps,217.211791902577,4,7.462641907964745e-46,0.1059555377118622
Meaningful emp MN,No,518,0.4588131089459699,after.ed.1,attended.ps,217.211791902577,4,7.462641907964745e-46,0.1059555377118622
Meaningful emp MN,Yes,611,0.5411868910540301,after.ed.1,attended.ps,217.211791902577,4,7.462641907964745e-46,0.1059555377118622
Not meaningful_in_only,No,3279,0.6817047817047817,after.ed.1,attended.ps,217.211791902577,4,7.462641907964745e-46,0.1059555377118622
Not meaningful_in_only,Yes,1531,0.3182952182952183,after.ed.1,attended.ps,217.211791902577,4,7.462641907964745e-46,0.1059555377118622
Not meaningful - other,No,1942,0.6443264764432648,after.ed.1,attended.ps,217.211791902577,4,7.462641907964745e-46,0.1059555377118622
Not meaningful - other,Yes,1072,0.35567352355673526,after.ed.1,attended.ps,217.211791902577,4,7.462641907964745e-46,0.1059555377118622
No MN emp record,No,4089,0.6423185673892554,after.ed.1,attended.ps,217.211791902577,4,7.462641907964745e-46,0.1059555377118622
No MN emp record,Yes,2277,0.3576814326107446,after.ed.1,attended.ps,217.211791902577,4,7.462641907964745e-46,0.1059555377118622
Meaningful emp region,AI,372,0.08283233132932531,after.ed.2,RaceEthnicity,144.00835123497188,16,1.1797171921802982e-22,0.04313658934754474
Meaningful emp region,Asian/PI,39,0.008684034736138945,after.ed.2,RaceEthnicity,144.00835123497188,16,1.1797171921802982e-22,0.04313658934754474
Meaningful emp region,Black,52,0.011578712981518594,after.ed.2,RaceEthnicity,144.00835123497188,16,1.1797171921802982e-22,0.04313658934754474
Meaningful emp region,Hispanic,141,0.03139612558450234,after.ed.2,RaceEthnicity,144.00835123497188,16,1.1797171921802982e-22,0.04313658934754474
Meaningful emp region,White,3887,0.8655087953685148,after.ed.2,RaceEthnicity,144.00835123497188,16,1.1797171921802982e-22,0.04313658934754474
Meaningful emp MN,AI,95,0.07021433850702144,after.ed.2,RaceEthnicity,144.00835123497188,16,1.1797171921802982e-22,0.04313658934754474
Meaningful emp MN,Asian/PI,16,0.011825572801182557,after.ed.2,RaceEthnicity,144.00835123497188,16,1.1797171921802982e-22,0.04313658934754474
Meaningful emp MN,Black,29,0.021433850702143386,after.ed.2,RaceEthnicity,144.00835123497188,16,1.1797171921802982e-22,0.04313658934754474
Meaningful emp MN,Hispanic,31,0.022912047302291204,after.ed.2,RaceEthnicity,144.00835123497188,16,1.1797171921802982e-22,0.04313658934754474
Meaningful emp MN,White,1182,0.8736141906873615,after.ed.2,RaceEthnicity,144.00835123497188,16,1.1797171921802982e-22,0.04313658934754474
Not meaningful_in_only,AI,358,0.09231562661165549,after.ed.2,RaceEthnicity,144.00835123497188,16,1.1797171921802982e-22,0.04313658934754474
Not meaningful_in_only,Asian/PI,26,0.006704486848891181,after.ed.2,RaceEthnicity,144.00835123497188,16,1.1797171921802982e-22,0.04313658934754474
Not meaningful_in_only,Black,67,0.017276946879834967,after.ed.2,RaceEthnicity,144.00835123497188,16,1.1797171921802982e-22,0.04313658934754474
Not meaningful_in_only,Hispanic,113,0.029138731304796286,after.ed.2,RaceEthnicity,144.00835123497188,16,1.1797171921802982e-22,0.04313658934754474
Not meaningful_in_only,White,3314,0.854564208354822,after.ed.2,RaceEthnicity,144.00835123497188,16,1.1797171921802982e-22,0.04313658934754474
Not meaningful - other,AI,224,0.08293224731580896,after.ed.2,RaceEthnicity,144.00835123497188,16,1.1797171921802982e-22,0.04313658934754474
Not meaningful - other,Asian/PI,25,0.009255831173639394,after.ed.2,RaceEthnicity,144.00835123497188,16,1.1797171921802982e-22,0.04313658934754474
Not meaningful - other,Black,90,0.03332099222510181,after.ed.2,RaceEthnicity,144.00835123497188,16,1.1797171921802982e-22,0.04313658934754474
Not meaningful - other,Hispanic,114,0.042206590151795634,after.ed.2,RaceEthnicity,144.00835123497188,16,1.1797171921802982e-22,0.04313658934754474
Not meaningful - other,White,2248,0.8322843391336542,after.ed.2,RaceEthnicity,144.00835123497188,16,1.1797171921802982e-22,0.04313658934754474
No MN emp record,AI,537,0.07754512635379061,after.ed.2,RaceEthnicity,144.00835123497188,16,1.1797171921802982e-22,0.04313658934754474
No MN emp record,Asian/PI,123,0.01776173285198556,after.ed.2,RaceEthnicity,144.00835123497188,16,1.1797171921802982e-22,0.04313658934754474
No MN emp record,Black,143,0.020649819494584838,after.ed.2,RaceEthnicity,144.00835123497188,16,1.1797171921802982e-22,0.04313658934754474
No MN emp record,Hispanic,355,0.051263537906137184,after.ed.2,RaceEthnicity,144.00835123497188,16,1.1797171921802982e-22,0.04313658934754474
No MN emp record,White,5767,0.8327797833935018,after.ed.2,RaceEthnicity,144.00835123497188,16,1.1797171921802982e-22,0.04313658934754474
Meaningful emp region,0,2281,0.5079046982854598,after.ed.2,economic.status,90.66677218543634,4,9.50286619008487e-19,0.06845513606427553
Meaningful emp region,1,2210,0.4920953017145402,after.ed.2,economic.status,90.66677218543634,4,9.50286619008487e-19,0.06845513606427553
Meaningful emp MN,0,707,0.5225424981522543,after.ed.2,economic.status,90.66677218543634,4,9.50286619008487e-19,0.06845513606427553
Meaningful emp MN,1,646,0.47745750184774577,after.ed.2,economic.status,90.66677218543634,4,9.50286619008487e-19,0.06845513606427553
Not meaningful_in_only,0,1935,0.49896854048478595,after.ed.2,economic.status,90.66677218543634,4,9.50286619008487e-19,0.06845513606427553
Not meaningful_in_only,1,1943,0.501031459515214,after.ed.2,economic.status,90.66677218543634,4,9.50286619008487e-19,0.06845513606427553
Not meaningful - other,0,1195,0.442428730099963,after.ed.2,economic.status,90.66677218543634,4,9.50286619008487e-19,0.06845513606427553
Not meaningful - other,1,1506,0.557571269900037,after.ed.2,economic.status,90.66677218543634,4,9.50286619008487e-19,0.06845513606427553
No MN emp record,0,3791,0.5474368231046931,after.ed.2,economic.status,90.66677218543634,4,9.50286619008487e-19,0.06845513606427553
No MN emp record,1,3134,0.45256317689530684,after.ed.2,economic.status,90.66677218543634,4,9.50286619008487e-19,0.06845513606427553
Meaningful emp region,0,3460,0.7704297483856603,after.ed.2,SpecialEdStatus,46.26451084535139,4,2.169636754260825e-9,0.048899672219928275
Meaningful emp region,1,1031,0.2295702516143398,after.ed.2,SpecialEdStatus,46.26451084535139,4,2.169636754260825e-9,0.048899672219928275
Meaningful emp MN,0,1105,0.8167036215816703,after.ed.2,SpecialEdStatus,46.26451084535139,4,2.169636754260825e-9,0.048899672219928275
Meaningful emp MN,1,248,0.18329637841832963,after.ed.2,SpecialEdStatus,46.26451084535139,4,2.169636754260825e-9,0.048899672219928275
Not meaningful_in_only,0,2847,0.7341413099535843,after.ed.2,SpecialEdStatus,46.26451084535139,4,2.169636754260825e-9,0.048899672219928275
Not meaningful_in_only,1,1031,0.26585869004641566,after.ed.2,SpecialEdStatus,46.26451084535139,4,2.169636754260825e-9,0.048899672219928275
Not meaningful - other,0,2003,0.7415771936319882,after.ed.2,SpecialEdStatus,46.26451084535139,4,2.169636754260825e-9,0.048899672219928275
Not meaningful - other,1,698,0.25842280636801185,after.ed.2,SpecialEdStatus,46.26451084535139,4,2.169636754260825e-9,0.048899672219928275
No MN emp record,0,5195,0.7501805054151625,after.ed.2,SpecialEdStatus,46.26451084535139,4,2.169636754260825e-9,0.048899672219928275
No MN emp record,1,1730,0.24981949458483754,after.ed.2,SpecialEdStatus,46.26451084535139,4,2.169636754260825e-9,0.048899672219928275
Meaningful emp region,F,1674,0.3727454909819639,after.ed.2,Gender,105.53576176002285,4,6.512135557668565e-22,0.073855320182146
Meaningful emp region,M,2817,0.627254509018036,after.ed.2,Gender,105.53576176002285,4,6.512135557668565e-22,0.073855320182146
Meaningful emp MN,F,536,0.3961566888396157,after.ed.2,Gender,105.53576176002285,4,6.512135557668565e-22,0.073855320182146
Meaningful emp MN,M,817,0.6038433111603844,after.ed.2,Gender,105.53576176002285,4,6.512135557668565e-22,0.073855320182146
Not meaningful_in_only,F,1812,0.46725116039195463,after.ed.2,Gender,105.53576176002285,4,6.512135557668565e-22,0.073855320182146
Not meaningful_in_only,M,2066,0.5327488396080454,after.ed.2,Gender,105.53576176002285,4,6.512135557668565e-22,0.073855320182146
Not meaningful - other,F,1251,0.4631617919289152,after.ed.2,Gender,105.53576176002285,4,6.512135557668565e-22,0.073855320182146
Not meaningful - other,M,1450,0.5368382080710847,after.ed.2,Gender,105.53576176002285,4,6.512135557668565e-22,0.073855320182146
No MN emp record,F,2815,0.4064981949458484,after.ed.2,Gender,105.53576176002285,4,6.512135557668565e-22,0.073855320182146
No MN emp record,M,4110,0.5935018050541516,after.ed.2,Gender,105.53576176002285,4,6.512135557668565e-22,0.073855320182146
Meaningful emp region,Entirely rural,440,0.09797372522823425,after.ed.2,Dem_Desc,678.8877420908375,12,1.453730606584891e-137,0.10814845433964045
Meaningful emp region,Entirely urban,306,0.06813627254509018,after.ed.2,Dem_Desc,678.8877420908375,12,1.453730606584891e-137,0.10814845433964045
Meaningful emp region,Town/rural mix,2845,0.6334892006234691,after.ed.2,Dem_Desc,678.8877420908375,12,1.453730606584891e-137,0.10814845433964045
Meaningful emp region,Urban/town/rural mix,900,0.20040080160320642,after.ed.2,Dem_Desc,678.8877420908375,12,1.453730606584891e-137,0.10814845433964045
Meaningful emp MN,Entirely rural,119,0.08795269770879527,after.ed.2,Dem_Desc,678.8877420908375,12,1.453730606584891e-137,0.10814845433964045
Meaningful emp MN,Entirely urban,100,0.07390983000739099,after.ed.2,Dem_Desc,678.8877420908375,12,1.453730606584891e-137,0.10814845433964045
Meaningful emp MN,Town/rural mix,929,0.6866223207686623,after.ed.2,Dem_Desc,678.8877420908375,12,1.453730606584891e-137,0.10814845433964045
Meaningful emp MN,Urban/town/rural mix,205,0.15151515151515152,after.ed.2,Dem_Desc,678.8877420908375,12,1.453730606584891e-137,0.10814845433964045
Not meaningful_in_only,Entirely rural,452,0.11655492521918515,after.ed.2,Dem_Desc,678.8877420908375,12,1.453730606584891e-137,0.10814845433964045
Not meaningful_in_only,Entirely urban,440,0.11346054667354306,after.ed.2,Dem_Desc,678.8877420908375,12,1.453730606584891e-137,0.10814845433964045
Not meaningful_in_only,Town/rural mix,2170,0.5595667870036101,after.ed.2,Dem_Desc,678.8877420908375,12,1.453730606584891e-137,0.10814845433964045
Not meaningful_in_only,Urban/town/rural mix,816,0.21041774110366168,after.ed.2,Dem_Desc,678.8877420908375,12,1.453730606584891e-137,0.10814845433964045
Not meaningful - other,Entirely rural,229,0.08478341355053684,after.ed.2,Dem_Desc,678.8877420908375,12,1.453730606584891e-137,0.10814845433964045
Not meaningful - other,Entirely urban,251,0.09292854498333951,after.ed.2,Dem_Desc,678.8877420908375,12,1.453730606584891e-137,0.10814845433964045
Not meaningful - other,Town/rural mix,1735,0.6423546834505739,after.ed.2,Dem_Desc,678.8877420908375,12,1.453730606584891e-137,0.10814845433964045
Not meaningful - other,Urban/town/rural mix,486,0.1799333580155498,after.ed.2,Dem_Desc,678.8877420908375,12,1.453730606584891e-137,0.10814845433964045
No MN emp record,Entirely rural,730,0.10541516245487365,after.ed.2,Dem_Desc,678.8877420908375,12,1.453730606584891e-137,0.10814845433964045
No MN emp record,Entirely urban,1345,0.19422382671480146,after.ed.2,Dem_Desc,678.8877420908375,12,1.453730606584891e-137,0.10814845433964045
No MN emp record,Town/rural mix,3319,0.4792779783393502,after.ed.2,Dem_Desc,678.8877420908375,12,1.453730606584891e-137,0.10814845433964045
No MN emp record,Urban/town/rural mix,1531,0.22108303249097472,after.ed.2,Dem_Desc,678.8877420908375,12,1.453730606584891e-137,0.10814845433964045
Meaningful emp region,CTE Concentrator or Completor,2569,0.5720329547984858,after.ed.2,cte.achievement,204.4396063616823,8,7.409082419816685e-40,0.07268578428106633
Meaningful emp region,CTE Participant,1153,0.2567356936094411,after.ed.2,cte.achievement,204.4396063616823,8,7.409082419816685e-40,0.07268578428106633
Meaningful emp region,No CTE,769,0.17123135159207303,after.ed.2,cte.achievement,204.4396063616823,8,7.409082419816685e-40,0.07268578428106633
Meaningful emp MN,CTE Concentrator or Completor,686,0.5070214338507022,after.ed.2,cte.achievement,204.4396063616823,8,7.409082419816685e-40,0.07268578428106633
Meaningful emp MN,CTE Participant,362,0.2675535846267554,after.ed.2,cte.achievement,204.4396063616823,8,7.409082419816685e-40,0.07268578428106633
Meaningful emp MN,No CTE,305,0.2254249815225425,after.ed.2,cte.achievement,204.4396063616823,8,7.409082419816685e-40,0.07268578428106633
Not meaningful_in_only,CTE Concentrator or Completor,1975,0.5092831356369263,after.ed.2,cte.achievement,204.4396063616823,8,7.409082419816685e-40,0.07268578428106633
Not meaningful_in_only,CTE Participant,1081,0.27875193398659104,after.ed.2,cte.achievement,204.4396063616823,8,7.409082419816685e-40,0.07268578428106633
Not meaningful_in_only,No CTE,822,0.21196493037648273,after.ed.2,cte.achievement,204.4396063616823,8,7.409082419816685e-40,0.07268578428106633
Not meaningful - other,CTE Concentrator or Completor,1220,0.45168456127360235,after.ed.2,cte.achievement,204.4396063616823,8,7.409082419816685e-40,0.07268578428106633
Not meaningful - other,CTE Participant,780,0.28878193261754903,after.ed.2,cte.achievement,204.4396063616823,8,7.409082419816685e-40,0.07268578428106633
Not meaningful - other,No CTE,701,0.25953350610884857,after.ed.2,cte.achievement,204.4396063616823,8,7.409082419816685e-40,0.07268578428106633
No MN emp record,CTE Concentrator or Completor,3216,0.4644043321299639,after.ed.2,cte.achievement,204.4396063616823,8,7.409082419816685e-40,0.07268578428106633
No MN emp record,CTE Participant,1878,0.2711913357400722,after.ed.2,cte.achievement,204.4396063616823,8,7.409082419816685e-40,0.07268578428106633
No MN emp record,No CTE,1831,0.2644043321299639,after.ed.2,cte.achievement,204.4396063616823,8,7.409082419816685e-40,0.07268578428106633
Meaningful emp region,0,2589,0.8427734375,after.ed.2,pseo.participant,22.74550738518138,4,1.4234499276125512e-4,0.04161177529946891
Meaningful emp region,1,483,0.1572265625,after.ed.2,pseo.participant,22.74550738518138,4,1.4234499276125512e-4,0.04161177529946891
Meaningful emp MN,0,753,0.8229508196721311,after.ed.2,pseo.participant,22.74550738518138,4,1.4234499276125512e-4,0.04161177529946891
Meaningful emp MN,1,162,0.17704918032786884,after.ed.2,pseo.participant,22.74550738518138,4,1.4234499276125512e-4,0.04161177529946891
Not meaningful_in_only,0,2119,0.8020439061317184,after.ed.2,pseo.participant,22.74550738518138,4,1.4234499276125512e-4,0.04161177529946891
Not meaningful_in_only,1,523,0.1979560938682816,after.ed.2,pseo.participant,22.74550738518138,4,1.4234499276125512e-4,0.04161177529946891
Not meaningful - other,0,1515,0.8067092651757188,after.ed.2,pseo.participant,22.74550738518138,4,1.4234499276125512e-4,0.04161177529946891
Not meaningful - other,1,363,0.19329073482428116,after.ed.2,pseo.participant,22.74550738518138,4,1.4234499276125512e-4,0.04161177529946891
No MN emp record,0,3856,0.8330092892633398,after.ed.2,pseo.participant,22.74550738518138,4,1.4234499276125512e-4,0.04161177529946891
No MN emp record,1,773,0.1669907107366602,after.ed.2,pseo.participant,22.74550738518138,4,1.4234499276125512e-4,0.04161177529946891
Meaningful emp region,No,2685,0.5978623914495658,after.ed.2,attended.ps,202.8066755876839,4,9.362763687064489e-43,0.1023818761428136
Meaningful emp region,Yes,1806,0.4021376085504342,after.ed.2,attended.ps,202.8066755876839,4,9.362763687064489e-43,0.1023818761428136
Meaningful emp MN,No,662,0.4892830746489283,after.ed.2,attended.ps,202.8066755876839,4,9.362763687064489e-43,0.1023818761428136
Meaningful emp MN,Yes,691,0.5107169253510717,after.ed.2,attended.ps,202.8066755876839,4,9.362763687064489e-43,0.1023818761428136
Not meaningful_in_only,No,2654,0.6843733883445074,after.ed.2,attended.ps,202.8066755876839,4,9.362763687064489e-43,0.1023818761428136
Not meaningful_in_only,Yes,1224,0.3156266116554925,after.ed.2,attended.ps,202.8066755876839,4,9.362763687064489e-43,0.1023818761428136
Not meaningful - other,No,1792,0.6634579785264717,after.ed.2,attended.ps,202.8066755876839,4,9.362763687064489e-43,0.1023818761428136
Not meaningful - other,Yes,909,0.3365420214735283,after.ed.2,attended.ps,202.8066755876839,4,9.362763687064489e-43,0.1023818761428136
No MN emp record,No,4461,0.644187725631769,after.ed.2,attended.ps,202.8066755876839,4,9.362763687064489e-43,0.1023818761428136
No MN emp record,Yes,2464,0.35581227436823104,after.ed.2,attended.ps,202.8066755876839,4,9.362763687064489e-43,0.1023818761428136
Meaningful emp region,AI,386,0.08167583580194668,after.ed.3,RaceEthnicity,163.38523945846433,16,1.7481193025945764e-26,0.04594712844108321
Meaningful emp region,Asian/PI,37,0.007829030892932713,after.ed.3,RaceEthnicity,163.38523945846433,16,1.7481193025945764e-26,0.04594712844108321
Meaningful emp region,Black,49,0.010368176047397376,after.ed.3,RaceEthnicity,163.38523945846433,16,1.7481193025945764e-26,0.04594712844108321
Meaningful emp region,Hispanic,137,0.028988573846804908,after.ed.3,RaceEthnicity,163.38523945846433,16,1.7481193025945764e-26,0.04594712844108321
Meaningful emp region,White,4117,0.8711383834109183,after.ed.3,RaceEthnicity,163.38523945846433,16,1.7481193025945764e-26,0.04594712844108321
Meaningful emp MN,AI,111,0.07520325203252033,after.ed.3,RaceEthnicity,163.38523945846433,16,1.7481193025945764e-26,0.04594712844108321
Meaningful emp MN,Asian/PI,14,0.009485094850948509,after.ed.3,RaceEthnicity,163.38523945846433,16,1.7481193025945764e-26,0.04594712844108321
Meaningful emp MN,Black,33,0.022357723577235773,after.ed.3,RaceEthnicity,163.38523945846433,16,1.7481193025945764e-26,0.04594712844108321
Meaningful emp MN,Hispanic,37,0.025067750677506776,after.ed.3,RaceEthnicity,163.38523945846433,16,1.7481193025945764e-26,0.04594712844108321
Meaningful emp MN,White,1281,0.8678861788617886,after.ed.3,RaceEthnicity,163.38523945846433,16,1.7481193025945764e-26,0.04594712844108321
Not meaningful_in_only,AI,339,0.10008857395925598,after.ed.3,RaceEthnicity,163.38523945846433,16,1.7481193025945764e-26,0.04594712844108321
Not meaningful_in_only,Asian/PI,30,0.008857395925597875,after.ed.3,RaceEthnicity,163.38523945846433,16,1.7481193025945764e-26,0.04594712844108321
Not meaningful_in_only,Black,55,0.016238559196929438,after.ed.3,RaceEthnicity,163.38523945846433,16,1.7481193025945764e-26,0.04594712844108321
Not meaningful_in_only,Hispanic,103,0.030410392677886033,after.ed.3,RaceEthnicity,163.38523945846433,16,1.7481193025945764e-26,0.04594712844108321
Not meaningful_in_only,White,2860,0.8444050782403307,after.ed.3,RaceEthnicity,163.38523945846433,16,1.7481193025945764e-26,0.04594712844108321
Not meaningful - other,AI,208,0.08634288086342881,after.ed.3,RaceEthnicity,163.38523945846433,16,1.7481193025945764e-26,0.04594712844108321
Not meaningful - other,Asian/PI,32,0.013283520132835201,after.ed.3,RaceEthnicity,163.38523945846433,16,1.7481193025945764e-26,0.04594712844108321
Not meaningful - other,Black,86,0.0356994603569946,after.ed.3,RaceEthnicity,163.38523945846433,16,1.7481193025945764e-26,0.04594712844108321
Not meaningful - other,Hispanic,91,0.03777501037775011,after.ed.3,RaceEthnicity,163.38523945846433,16,1.7481193025945764e-26,0.04594712844108321
Not meaningful - other,White,1992,0.8268991282689913,after.ed.3,RaceEthnicity,163.38523945846433,16,1.7481193025945764e-26,0.04594712844108321
No MN emp record,AI,542,0.07374149659863946,after.ed.3,RaceEthnicity,163.38523945846433,16,1.7481193025945764e-26,0.04594712844108321
No MN emp record,Asian/PI,116,0.01578231292517007,after.ed.3,RaceEthnicity,163.38523945846433,16,1.7481193025945764e-26,0.04594712844108321
No MN emp record,Black,158,0.021496598639455782,after.ed.3,RaceEthnicity,163.38523945846433,16,1.7481193025945764e-26,0.04594712844108321
No MN emp record,Hispanic,386,0.05251700680272109,after.ed.3,RaceEthnicity,163.38523945846433,16,1.7481193025945764e-26,0.04594712844108321
No MN emp record,White,6148,0.8364625850340136,after.ed.3,RaceEthnicity,163.38523945846433,16,1.7481193025945764e-26,0.04594712844108321
Meaningful emp region,0,2405,0.5088870080406264,after.ed.3,economic.status,98.21047360902256,4,2.3645567532498825e-20,0.07124606181116612
Meaningful emp region,1,2321,0.4911129919593737,after.ed.3,economic.status,98.21047360902256,4,2.3645567532498825e-20,0.07124606181116612
Meaningful emp MN,0,712,0.4823848238482385,after.ed.3,economic.status,98.21047360902256,4,2.3645567532498825e-20,0.07124606181116612
Meaningful emp MN,1,764,0.5176151761517616,after.ed.3,economic.status,98.21047360902256,4,2.3645567532498825e-20,0.07124606181116612
Not meaningful_in_only,0,1635,0.48272807794508416,after.ed.3,economic.status,98.21047360902256,4,2.3645567532498825e-20,0.07124606181116612
Not meaningful_in_only,1,1752,0.5172719220549159,after.ed.3,economic.status,98.21047360902256,4,2.3645567532498825e-20,0.07124606181116612
Not meaningful - other,0,1094,0.45413034454130347,after.ed.3,economic.status,98.21047360902256,4,2.3645567532498825e-20,0.07124606181116612
Not meaningful - other,1,1315,0.5458696554586966,after.ed.3,economic.status,98.21047360902256,4,2.3645567532498825e-20,0.07124606181116612
No MN emp record,0,4063,0.5527891156462585,after.ed.3,economic.status,98.21047360902256,4,2.3645567532498825e-20,0.07124606181116612
No MN emp record,1,3287,0.4472108843537415,after.ed.3,economic.status,98.21047360902256,4,2.3645567532498825e-20,0.07124606181116612
Meaningful emp region,0,3607,0.7632247143461701,after.ed.3,SpecialEdStatus,51.02647448404461,4,2.2039645676097644e-10,0.05135464627698518
Meaningful emp region,1,1119,0.23677528565382988,after.ed.3,SpecialEdStatus,51.02647448404461,4,2.2039645676097644e-10,0.05135464627698518
Meaningful emp MN,0,1203,0.8150406504065041,after.ed.3,SpecialEdStatus,51.02647448404461,4,2.2039645676097644e-10,0.05135464627698518
Meaningful emp MN,1,273,0.18495934959349594,after.ed.3,SpecialEdStatus,51.02647448404461,4,2.2039645676097644e-10,0.05135464627698518
Not meaningful_in_only,0,2469,0.728963684676705,after.ed.3,SpecialEdStatus,51.02647448404461,4,2.2039645676097644e-10,0.05135464627698518
Not meaningful_in_only,1,918,0.271036315323295,after.ed.3,SpecialEdStatus,51.02647448404461,4,2.2039645676097644e-10,0.05135464627698518
Not meaningful - other,0,1760,0.730593607305936,after.ed.3,SpecialEdStatus,51.02647448404461,4,2.2039645676097644e-10,0.05135464627698518
Not meaningful - other,1,649,0.2694063926940639,after.ed.3,SpecialEdStatus,51.02647448404461,4,2.2039645676097644e-10,0.05135464627698518
No MN emp record,0,5571,0.7579591836734694,after.ed.3,SpecialEdStatus,51.02647448404461,4,2.2039645676097644e-10,0.05135464627698518
No MN emp record,1,1779,0.2420408163265306,after.ed.3,SpecialEdStatus,51.02647448404461,4,2.2039645676097644e-10,0.05135464627698518
Meaningful emp region,F,1737,0.36754126110876006,after.ed.3,Gender,126.99043523577092,4,1.7135819299126272e-26,0.08101537871010929
Meaningful emp region,M,2989,0.6324587388912399,after.ed.3,Gender,126.99043523577092,4,1.7135819299126272e-26,0.08101537871010929
Meaningful emp MN,F,590,0.3997289972899729,after.ed.3,Gender,126.99043523577092,4,1.7135819299126272e-26,0.08101537871010929
Meaningful emp MN,M,886,0.6002710027100271,after.ed.3,Gender,126.99043523577092,4,1.7135819299126272e-26,0.08101537871010929
Not meaningful_in_only,F,1599,0.4720992028343667,after.ed.3,Gender,126.99043523577092,4,1.7135819299126272e-26,0.08101537871010929
Not meaningful_in_only,M,1788,0.5279007971656333,after.ed.3,Gender,126.99043523577092,4,1.7135819299126272e-26,0.08101537871010929
Not meaningful - other,F,1146,0.47571606475716066,after.ed.3,Gender,126.99043523577092,4,1.7135819299126272e-26,0.08101537871010929
Not meaningful - other,M,1263,0.5242839352428393,after.ed.3,Gender,126.99043523577092,4,1.7135819299126272e-26,0.08101537871010929
No MN emp record,F,3016,0.41034013605442177,after.ed.3,Gender,126.99043523577092,4,1.7135819299126272e-26,0.08101537871010929
No MN emp record,M,4334,0.5896598639455782,after.ed.3,Gender,126.99043523577092,4,1.7135819299126272e-26,0.08101537871010929
Meaningful emp region,Entirely rural,487,0.10304697418535759,after.ed.3,Dem_Desc,729.6691044640025,12,1.9572312676647875e-148,0.11212031576306175
Meaningful emp region,Entirely urban,314,0.0664409648751587,after.ed.3,Dem_Desc,729.6691044640025,12,1.9572312676647875e-148,0.11212031576306175
Meaningful emp region,Town/rural mix,3003,0.6354210749047821,after.ed.3,Dem_Desc,729.6691044640025,12,1.9572312676647875e-148,0.11212031576306175
Meaningful emp region,Urban/town/rural mix,922,0.19509098603470165,after.ed.3,Dem_Desc,729.6691044640025,12,1.9572312676647875e-148,0.11212031576306175
Meaningful emp MN,Entirely rural,131,0.08875338753387534,after.ed.3,Dem_Desc,729.6691044640025,12,1.9572312676647875e-148,0.11212031576306175
Meaningful emp MN,Entirely urban,99,0.06707317073170732,after.ed.3,Dem_Desc,729.6691044640025,12,1.9572312676647875e-148,0.11212031576306175
Meaningful emp MN,Town/rural mix,1012,0.6856368563685636,after.ed.3,Dem_Desc,729.6691044640025,12,1.9572312676647875e-148,0.11212031576306175
Meaningful emp MN,Urban/town/rural mix,234,0.15853658536585366,after.ed.3,Dem_Desc,729.6691044640025,12,1.9572312676647875e-148,0.11212031576306175
Not meaningful_in_only,Entirely rural,403,0.11898435193386478,after.ed.3,Dem_Desc,729.6691044640025,12,1.9572312676647875e-148,0.11212031576306175
Not meaningful_in_only,Entirely urban,373,0.1101269560082669,after.ed.3,Dem_Desc,729.6691044640025,12,1.9572312676647875e-148,0.11212031576306175
Not meaningful_in_only,Town/rural mix,1839,0.5429583702391497,after.ed.3,Dem_Desc,729.6691044640025,12,1.9572312676647875e-148,0.11212031576306175
Not meaningful_in_only,Urban/town/rural mix,772,0.22793032181871864,after.ed.3,Dem_Desc,729.6691044640025,12,1.9572312676647875e-148,0.11212031576306175
Not meaningful - other,Entirely rural,190,0.07887090078870901,after.ed.3,Dem_Desc,729.6691044640025,12,1.9572312676647875e-148,0.11212031576306175
Not meaningful - other,Entirely urban,229,0.0950601909506019,after.ed.3,Dem_Desc,729.6691044640025,12,1.9572312676647875e-148,0.11212031576306175
Not meaningful - other,Town/rural mix,1570,0.6517227065172271,after.ed.3,Dem_Desc,729.6691044640025,12,1.9572312676647875e-148,0.11212031576306175
Not meaningful - other,Urban/town/rural mix,420,0.17434620174346202,after.ed.3,Dem_Desc,729.6691044640025,12,1.9572312676647875e-148,0.11212031576306175
No MN emp record,Entirely rural,759,0.10326530612244898,after.ed.3,Dem_Desc,729.6691044640025,12,1.9572312676647875e-148,0.11212031576306175
No MN emp record,Entirely urban,1427,0.19414965986394558,after.ed.3,Dem_Desc,729.6691044640025,12,1.9572312676647875e-148,0.11212031576306175
No MN emp record,Town/rural mix,3574,0.48625850340136056,after.ed.3,Dem_Desc,729.6691044640025,12,1.9572312676647875e-148,0.11212031576306175
No MN emp record,Urban/town/rural mix,1590,0.2163265306122449,after.ed.3,Dem_Desc,729.6691044640025,12,1.9572312676647875e-148,0.11212031576306175
Meaningful emp region,CTE Concentrator or Completor,2716,0.5746931866271688,after.ed.3,cte.achievement,223.19188263673269,8,8.147395616530828e-44,0.07594621957304232
Meaningful emp region,CTE Participant,1233,0.2608971646212442,after.ed.3,cte.achievement,223.19188263673269,8,8.147395616530828e-44,0.07594621957304232
Meaningful emp region,No CTE,777,0.16440964875158698,after.ed.3,cte.achievement,223.19188263673269,8,8.147395616530828e-44,0.07594621957304232
Meaningful emp MN,CTE Concentrator or Completor,726,0.491869918699187,after.ed.3,cte.achievement,223.19188263673269,8,8.147395616530828e-44,0.07594621957304232
Meaningful emp MN,CTE Participant,394,0.2669376693766938,after.ed.3,cte.achievement,223.19188263673269,8,8.147395616530828e-44,0.07594621957304232
Meaningful emp MN,No CTE,356,0.24119241192411925,after.ed.3,cte.achievement,223.19188263673269,8,8.147395616530828e-44,0.07594621957304232
Not meaningful_in_only,CTE Concentrator or Completor,1728,0.5101860053144376,after.ed.3,cte.achievement,223.19188263673269,8,8.147395616530828e-44,0.07594621957304232
Not meaningful_in_only,CTE Participant,920,0.2716268083850015,after.ed.3,cte.achievement,223.19188263673269,8,8.147395616530828e-44,0.07594621957304232
Not meaningful_in_only,No CTE,739,0.21818718630056097,after.ed.3,cte.achievement,223.19188263673269,8,8.147395616530828e-44,0.07594621957304232
Not meaningful - other,CTE Concentrator or Completor,1100,0.45662100456621,after.ed.3,cte.achievement,223.19188263673269,8,8.147395616530828e-44,0.07594621957304232
Not meaningful - other,CTE Participant,687,0.2851805728518057,after.ed.3,cte.achievement,223.19188263673269,8,8.147395616530828e-44,0.07594621957304232
Not meaningful - other,No CTE,622,0.2581984225819842,after.ed.3,cte.achievement,223.19188263673269,8,8.147395616530828e-44,0.07594621957304232
No MN emp record,CTE Concentrator or Completor,3396,0.4620408163265306,after.ed.3,cte.achievement,223.19188263673269,8,8.147395616530828e-44,0.07594621957304232
No MN emp record,CTE Participant,2020,0.2748299319727891,after.ed.3,cte.achievement,223.19188263673269,8,8.147395616530828e-44,0.07594621957304232
No MN emp record,No CTE,1934,0.26312925170068024,after.ed.3,cte.achievement,223.19188263673269,8,8.147395616530828e-44,0.07594621957304232
Meaningful emp region,0,2733,0.847179169249845,after.ed.3,pseo.participant,18.965399780781638,4,7.983418877117927e-4,0.03799701068918542
Meaningful emp region,1,493,0.15282083075015498,after.ed.3,pseo.participant,18.965399780781638,4,7.983418877117927e-4,0.03799701068918542
Meaningful emp MN,0,821,0.7994157740993184,after.ed.3,pseo.participant,18.965399780781638,4,7.983418877117927e-4,0.03799701068918542
Meaningful emp MN,1,206,0.2005842259006816,after.ed.3,pseo.participant,18.965399780781638,4,7.983418877117927e-4,0.03799701068918542
Not meaningful_in_only,0,1909,0.82426597582038,after.ed.3,pseo.participant,18.965399780781638,4,7.983418877117927e-4,0.03799701068918542
Not meaningful_in_only,1,407,0.17573402417962003,after.ed.3,pseo.participant,18.965399780781638,4,7.983418877117927e-4,0.03799701068918542
Not meaningful - other,0,1353,0.8101796407185629,after.ed.3,pseo.participant,18.965399780781638,4,7.983418877117927e-4,0.03799701068918542
Not meaningful - other,1,317,0.18982035928143712,after.ed.3,pseo.participant,18.965399780781638,4,7.983418877117927e-4,0.03799701068918542
No MN emp record,0,4016,0.820093935062283,after.ed.3,pseo.participant,18.965399780781638,4,7.983418877117927e-4,0.03799701068918542
No MN emp record,1,881,0.17990606493771696,after.ed.3,pseo.participant,18.965399780781638,4,7.983418877117927e-4,0.03799701068918542
Meaningful emp region,No,2901,0.6138383410918324,after.ed.3,attended.ps,150.17339710212107,4,1.8688304217214468e-31,0.08810051826224014
Meaningful emp region,Yes,1825,0.38616165890816756,after.ed.3,attended.ps,150.17339710212107,4,1.8688304217214468e-31,0.08810051826224014
Meaningful emp MN,No,756,0.5121951219512195,after.ed.3,attended.ps,150.17339710212107,4,1.8688304217214468e-31,0.08810051826224014
Meaningful emp MN,Yes,720,0.4878048780487805,after.ed.3,attended.ps,150.17339710212107,4,1.8688304217214468e-31,0.08810051826224014
Not meaningful_in_only,No,2325,0.6864481842338352,after.ed.3,attended.ps,150.17339710212107,4,1.8688304217214468e-31,0.08810051826224014
Not meaningful_in_only,Yes,1062,0.31355181576616475,after.ed.3,attended.ps,150.17339710212107,4,1.8688304217214468e-31,0.08810051826224014
Not meaningful - other,No,1591,0.6604400166044002,after.ed.3,attended.ps,150.17339710212107,4,1.8688304217214468e-31,0.08810051826224014
Not meaningful - other,Yes,818,0.33955998339559984,after.ed.3,attended.ps,150.17339710212107,4,1.8688304217214468e-31,0.08810051826224014
No MN emp record,No,4681,0.6368707482993198,after.ed.3,attended.ps,150.17339710212107,4,1.8688304217214468e-31,0.08810051826224014
No MN emp record,Yes,2669,0.3631292517006803,after.ed.3,attended.ps,150.17339710212107,4,1.8688304217214468e-31,0.08810051826224014
Meaningful emp region,AI,397,0.08229684908789386,after.ed.4,RaceEthnicity,189.9852974291552,16,8.307621628599881e-32,0.04954638368964543
Meaningful emp region,Asian/PI,38,0.007877280265339967,after.ed.4,RaceEthnicity,189.9852974291552,16,8.307621628599881e-32,0.04954638368964543
Meaningful emp region,Black,54,0.011194029850746268,after.ed.4,RaceEthnicity,189.9852974291552,16,8.307621628599881e-32,0.04954638368964543
Meaningful emp region,Hispanic,134,0.027777777777777776,after.ed.4,RaceEthnicity,189.9852974291552,16,8.307621628599881e-32,0.04954638368964543
Meaningful emp region,White,4201,0.8708540630182421,after.ed.4,RaceEthnicity,189.9852974291552,16,8.307621628599881e-32,0.04954638368964543
Meaningful emp MN,AI,120,0.07083825265643448,after.ed.4,RaceEthnicity,189.9852974291552,16,8.307621628599881e-32,0.04954638368964543
Meaningful emp MN,Asian/PI,22,0.012987012987012988,after.ed.4,RaceEthnicity,189.9852974291552,16,8.307621628599881e-32,0.04954638368964543
Meaningful emp MN,Black,29,0.017119244391971666,after.ed.4,RaceEthnicity,189.9852974291552,16,8.307621628599881e-32,0.04954638368964543
Meaningful emp MN,Hispanic,42,0.024793388429752067,after.ed.4,RaceEthnicity,189.9852974291552,16,8.307621628599881e-32,0.04954638368964543
Meaningful emp MN,White,1481,0.8742621015348289,after.ed.4,RaceEthnicity,189.9852974291552,16,8.307621628599881e-32,0.04954638368964543
Not meaningful_in_only,AI,299,0.10003345600535296,after.ed.4,RaceEthnicity,189.9852974291552,16,8.307621628599881e-32,0.04954638368964543
Not meaningful_in_only,Asian/PI,23,0.007694881231180997,after.ed.4,RaceEthnicity,189.9852974291552,16,8.307621628599881e-32,0.04954638368964543
Not meaningful_in_only,Black,51,0.01706256273001004,after.ed.4,RaceEthnicity,189.9852974291552,16,8.307621628599881e-32,0.04954638368964543
Not meaningful_in_only,Hispanic,92,0.030779524924723987,after.ed.4,RaceEthnicity,189.9852974291552,16,8.307621628599881e-32,0.04954638368964543
Not meaningful_in_only,White,2524,0.8444295751087321,after.ed.4,RaceEthnicity,189.9852974291552,16,8.307621628599881e-32,0.04954638368964543
Not meaningful - other,AI,206,0.09635173058933583,after.ed.4,RaceEthnicity,189.9852974291552,16,8.307621628599881e-32,0.04954638368964543
Not meaningful - other,Asian/PI,25,0.011693171188026192,after.ed.4,RaceEthnicity,189.9852974291552,16,8.307621628599881e-32,0.04954638368964543
Not meaningful - other,Black,86,0.040224508886810104,after.ed.4,RaceEthnicity,189.9852974291552,16,8.307621628599881e-32,0.04954638368964543
Not meaningful - other,Hispanic,78,0.03648269410664172,after.ed.4,RaceEthnicity,189.9852974291552,16,8.307621628599881e-32,0.04954638368964543
Not meaningful - other,White,1743,0.8152478952291862,after.ed.4,RaceEthnicity,189.9852974291552,16,8.307621628599881e-32,0.04954638368964543
No MN emp record,AI,564,0.07321822666493574,after.ed.4,RaceEthnicity,189.9852974291552,16,8.307621628599881e-32,0.04954638368964543
No MN emp record,Asian/PI,121,0.015708165649746853,after.ed.4,RaceEthnicity,189.9852974291552,16,8.307621628599881e-32,0.04954638368964543
No MN emp record,Black,161,0.020900947682721018,after.ed.4,RaceEthnicity,189.9852974291552,16,8.307621628599881e-32,0.04954638368964543
No MN emp record,Hispanic,408,0.052966376736336494,after.ed.4,RaceEthnicity,189.9852974291552,16,8.307621628599881e-32,0.04954638368964543
No MN emp record,White,6449,0.8372062832662599,after.ed.4,RaceEthnicity,189.9852974291552,16,8.307621628599881e-32,0.04954638368964543
Meaningful emp region,0,2470,0.5120232172470979,after.ed.4,economic.status,106.99829433177746,4,3.1769128812061203e-22,0.0743653091895879
Meaningful emp region,1,2354,0.4879767827529022,after.ed.4,economic.status,106.99829433177746,4,3.1769128812061203e-22,0.0743653091895879
Meaningful emp MN,0,870,0.51357733175915,after.ed.4,economic.status,106.99829433177746,4,3.1769128812061203e-22,0.0743653091895879
Meaningful emp MN,1,824,0.48642266824085006,after.ed.4,economic.status,106.99829433177746,4,3.1769128812061203e-22,0.0743653091895879
Not meaningful_in_only,0,1395,0.46671127467380397,after.ed.4,economic.status,106.99829433177746,4,3.1769128812061203e-22,0.0743653091895879
Not meaningful_in_only,1,1594,0.5332887253261961,after.ed.4,economic.status,106.99829433177746,4,3.1769128812061203e-22,0.0743653091895879
Not meaningful - other,0,947,0.4429373246024322,after.ed.4,economic.status,106.99829433177746,4,3.1769128812061203e-22,0.0743653091895879
Not meaningful - other,1,1191,0.5570626753975678,after.ed.4,economic.status,106.99829433177746,4,3.1769128812061203e-22,0.0743653091895879
No MN emp record,0,4227,0.548747241334545,after.ed.4,economic.status,106.99829433177746,4,3.1769128812061203e-22,0.0743653091895879
No MN emp record,1,3476,0.451252758665455,after.ed.4,economic.status,106.99829433177746,4,3.1769128812061203e-22,0.0743653091895879
Meaningful emp region,0,3661,0.7589137645107794,after.ed.4,SpecialEdStatus,76.11858540468828,4,1.1555362360543518e-15,0.06272307117375445
Meaningful emp region,1,1163,0.24108623548922056,after.ed.4,SpecialEdStatus,76.11858540468828,4,1.1555362360543518e-15,0.06272307117375445
Meaningful emp MN,0,1400,0.8264462809917356,after.ed.4,SpecialEdStatus,76.11858540468828,4,1.1555362360543518e-15,0.06272307117375445
Meaningful emp MN,1,294,0.17355371900826447,after.ed.4,SpecialEdStatus,76.11858540468828,4,1.1555362360543518e-15,0.06272307117375445
Not meaningful_in_only,0,2144,0.7172967547674808,after.ed.4,SpecialEdStatus,76.11858540468828,4,1.1555362360543518e-15,0.06272307117375445
Not meaningful_in_only,1,845,0.2827032452325192,after.ed.4,SpecialEdStatus,76.11858540468828,4,1.1555362360543518e-15,0.06272307117375445
Not meaningful - other,0,1567,0.7329279700654817,after.ed.4,SpecialEdStatus,76.11858540468828,4,1.1555362360543518e-15,0.06272307117375445
Not meaningful - other,1,571,0.26707202993451823,after.ed.4,SpecialEdStatus,76.11858540468828,4,1.1555362360543518e-15,0.06272307117375445
No MN emp record,0,5838,0.7578865377125795,after.ed.4,SpecialEdStatus,76.11858540468828,4,1.1555362360543518e-15,0.06272307117375445
No MN emp record,1,1865,0.24211346228742048,after.ed.4,SpecialEdStatus,76.11858540468828,4,1.1555362360543518e-15,0.06272307117375445
Meaningful emp region,F,1742,0.3611111111111111,after.ed.4,Gender,137.1627882465204,4,1.1428049083203518e-28,0.0841976776838761
Meaningful emp region,M,3082,0.6388888888888888,after.ed.4,Gender,137.1627882465204,4,1.1428049083203518e-28,0.0841976776838761
Meaningful emp MN,F,681,0.4020070838252656,after.ed.4,Gender,137.1627882465204,4,1.1428049083203518e-28,0.0841976776838761
Meaningful emp MN,M,1013,0.5979929161747344,after.ed.4,Gender,137.1627882465204,4,1.1428049083203518e-28,0.0841976776838761
Not meaningful_in_only,F,1410,0.4717296754767481,after.ed.4,Gender,137.1627882465204,4,1.1428049083203518e-28,0.0841976776838761
Not meaningful_in_only,M,1579,0.528270324523252,after.ed.4,Gender,137.1627882465204,4,1.1428049083203518e-28,0.0841976776838761
Not meaningful - other,F,1030,0.48175865294667913,after.ed.4,Gender,137.1627882465204,4,1.1428049083203518e-28,0.0841976776838761
Not meaningful - other,M,1108,0.5182413470533208,after.ed.4,Gender,137.1627882465204,4,1.1428049083203518e-28,0.0841976776838761
No MN emp record,F,3225,0.41866805140854213,after.ed.4,Gender,137.1627882465204,4,1.1428049083203518e-28,0.0841976776838761
No MN emp record,M,4478,0.5813319485914579,after.ed.4,Gender,137.1627882465204,4,1.1428049083203518e-28,0.0841976776838761
Meaningful emp region,Entirely rural,523,0.1084162520729685,after.ed.4,Dem_Desc,740.3771032953807,12,9.953551441044389e-151,0.11294001029495795
Meaningful emp region,Entirely urban,313,0.06488391376451078,after.ed.4,Dem_Desc,740.3771032953807,12,9.953551441044389e-151,0.11294001029495795
Meaningful emp region,Town/rural mix,3004,0.6227197346600332,after.ed.4,Dem_Desc,740.3771032953807,12,9.953551441044389e-151,0.11294001029495795
Meaningful emp region,Urban/town/rural mix,984,0.20398009950248755,after.ed.4,Dem_Desc,740.3771032953807,12,9.953551441044389e-151,0.11294001029495795
Meaningful emp MN,Entirely rural,144,0.08500590318772137,after.ed.4,Dem_Desc,740.3771032953807,12,9.953551441044389e-151,0.11294001029495795
Meaningful emp MN,Entirely urban,119,0.07024793388429752,after.ed.4,Dem_Desc,740.3771032953807,12,9.953551441044389e-151,0.11294001029495795
Meaningful emp MN,Town/rural mix,1180,0.6965761511216056,after.ed.4,Dem_Desc,740.3771032953807,12,9.953551441044389e-151,0.11294001029495795
Meaningful emp MN,Urban/town/rural mix,251,0.14817001180637543,after.ed.4,Dem_Desc,740.3771032953807,12,9.953551441044389e-151,0.11294001029495795
Not meaningful_in_only,Entirely rural,331,0.11073937771830043,after.ed.4,Dem_Desc,740.3771032953807,12,9.953551441044389e-151,0.11294001029495795
Not meaningful_in_only,Entirely urban,322,0.10772833723653395,after.ed.4,Dem_Desc,740.3771032953807,12,9.953551441044389e-151,0.11294001029495795
Not meaningful_in_only,Town/rural mix,1709,0.571763131482101,after.ed.4,Dem_Desc,740.3771032953807,12,9.953551441044389e-151,0.11294001029495795
Not meaningful_in_only,Urban/town/rural mix,627,0.20976915356306458,after.ed.4,Dem_Desc,740.3771032953807,12,9.953551441044389e-151,0.11294001029495795
Not meaningful - other,Entirely rural,177,0.08278765201122544,after.ed.4,Dem_Desc,740.3771032953807,12,9.953551441044389e-151,0.11294001029495795
Not meaningful - other,Entirely urban,192,0.08980355472404115,after.ed.4,Dem_Desc,740.3771032953807,12,9.953551441044389e-151,0.11294001029495795
Not meaningful - other,Town/rural mix,1370,0.6407857811038353,after.ed.4,Dem_Desc,740.3771032953807,12,9.953551441044389e-151,0.11294001029495795
Not meaningful - other,Urban/town/rural mix,399,0.18662301216089802,after.ed.4,Dem_Desc,740.3771032953807,12,9.953551441044389e-151,0.11294001029495795
No MN emp record,Entirely rural,795,0.10320654290536155,after.ed.4,Dem_Desc,740.3771032953807,12,9.953551441044389e-151,0.11294001029495795
No MN emp record,Entirely urban,1496,0.1942100480332338,after.ed.4,Dem_Desc,740.3771032953807,12,9.953551441044389e-151,0.11294001029495795
No MN emp record,Town/rural mix,3735,0.48487602232896276,after.ed.4,Dem_Desc,740.3771032953807,12,9.953551441044389e-151,0.11294001029495795
No MN emp record,Urban/town/rural mix,1677,0.21770738673244192,after.ed.4,Dem_Desc,740.3771032953807,12,9.953551441044389e-151,0.11294001029495795
Meaningful emp region,CTE Concentrator or Completor,2772,0.5746268656716418,after.ed.4,cte.achievement,235.1221091408997,8,2.4414667971963606e-46,0.07794956523552769
Meaningful emp region,CTE Participant,1250,0.25912106135986734,after.ed.4,cte.achievement,235.1221091408997,8,2.4414667971963606e-46,0.07794956523552769
Meaningful emp region,No CTE,802,0.16625207296849087,after.ed.4,cte.achievement,235.1221091408997,8,2.4414667971963606e-46,0.07794956523552769
Meaningful emp MN,CTE Concentrator or Completor,830,0.4899645808736718,after.ed.4,cte.achievement,235.1221091408997,8,2.4414667971963606e-46,0.07794956523552769
Meaningful emp MN,CTE Participant,453,0.26741440377804016,after.ed.4,cte.achievement,235.1221091408997,8,2.4414667971963606e-46,0.07794956523552769
Meaningful emp MN,No CTE,411,0.2426210153482881,after.ed.4,cte.achievement,235.1221091408997,8,2.4414667971963606e-46,0.07794956523552769
Not meaningful_in_only,CTE Concentrator or Completor,1544,0.5165607226497156,after.ed.4,cte.achievement,235.1221091408997,8,2.4414667971963606e-46,0.07794956523552769
Not meaningful_in_only,CTE Participant,823,0.2753429240548678,after.ed.4,cte.achievement,235.1221091408997,8,2.4414667971963606e-46,0.07794956523552769
Not meaningful_in_only,No CTE,622,0.20809635329541654,after.ed.4,cte.achievement,235.1221091408997,8,2.4414667971963606e-46,0.07794956523552769
Not meaningful - other,CTE Concentrator or Completor,973,0.45509822263797944,after.ed.4,cte.achievement,235.1221091408997,8,2.4414667971963606e-46,0.07794956523552769
Not meaningful - other,CTE Participant,582,0.2722170252572498,after.ed.4,cte.achievement,235.1221091408997,8,2.4414667971963606e-46,0.07794956523552769
Not meaningful - other,No CTE,583,0.27268475210477083,after.ed.4,cte.achievement,235.1221091408997,8,2.4414667971963606e-46,0.07794956523552769
No MN emp record,CTE Concentrator or Completor,3547,0.4604699467739842,after.ed.4,cte.achievement,235.1221091408997,8,2.4414667971963606e-46,0.07794956523552769
No MN emp record,CTE Participant,2146,0.278592756069064,after.ed.4,cte.achievement,235.1221091408997,8,2.4414667971963606e-46,0.07794956523552769
No MN emp record,No CTE,2010,0.26093729715695185,after.ed.4,cte.achievement,235.1221091408997,8,2.4414667971963606e-46,0.07794956523552769
Meaningful emp region,0,2818,0.8434600419036217,after.ed.4,pseo.participant,23.502066949405275,4,1.0049313416714064e-4,0.0422981584407175
Meaningful emp region,1,523,0.15653995809637833,after.ed.4,pseo.participant,23.502066949405275,4,1.0049313416714064e-4,0.0422981584407175
Meaningful emp MN,0,918,0.7920621225194133,after.ed.4,pseo.participant,23.502066949405275,4,1.0049313416714064e-4,0.0422981584407175
Meaningful emp MN,1,241,0.2079378774805867,after.ed.4,pseo.participant,23.502066949405275,4,1.0049313416714064e-4,0.0422981584407175
Not meaningful_in_only,0,1645,0.822911455727864,after.ed.4,pseo.participant,23.502066949405275,4,1.0049313416714064e-4,0.0422981584407175
Not meaningful_in_only,1,354,0.17708854427213608,after.ed.4,pseo.participant,23.502066949405275,4,1.0049313416714064e-4,0.0422981584407175
Not meaningful - other,0,1180,0.7994579945799458,after.ed.4,pseo.participant,23.502066949405275,4,1.0049313416714064e-4,0.0422981584407175
Not meaningful - other,1,296,0.2005420054200542,after.ed.4,pseo.participant,23.502066949405275,4,1.0049313416714064e-4,0.0422981584407175
No MN emp record,0,4271,0.8275527998449913,after.ed.4,pseo.participant,23.502066949405275,4,1.0049313416714064e-4,0.0422981584407175
No MN emp record,1,890,0.17244720015500872,after.ed.4,pseo.participant,23.502066949405275,4,1.0049313416714064e-4,0.0422981584407175
Meaningful emp region,No,3004,0.6227197346600332,after.ed.4,attended.ps,104.50819722294135,4,1.0781677927342179e-21,0.07349488906991758
Meaningful emp region,Yes,1820,0.37728026533996684,after.ed.4,attended.ps,104.50819722294135,4,1.0781677927342179e-21,0.07349488906991758
Meaningful emp MN,No,914,0.5395513577331759,after.ed.4,attended.ps,104.50819722294135,4,1.0781677927342179e-21,0.07349488906991758
Meaningful emp MN,Yes,780,0.4604486422668241,after.ed.4,attended.ps,104.50819722294135,4,1.0781677927342179e-21,0.07349488906991758
Not meaningful_in_only,No,2038,0.6818333890933422,after.ed.4,attended.ps,104.50819722294135,4,1.0781677927342179e-21,0.07349488906991758
Not meaningful_in_only,Yes,951,0.31816661090665777,after.ed.4,attended.ps,104.50819722294135,4,1.0781677927342179e-21,0.07349488906991758
Not meaningful - other,No,1416,0.6623012160898035,after.ed.4,attended.ps,104.50819722294135,4,1.0781677927342179e-21,0.07349488906991758
Not meaningful - other,Yes,722,0.3376987839101964,after.ed.4,attended.ps,104.50819722294135,4,1.0781677927342179e-21,0.07349488906991758
No MN emp record,No,4882,0.633779047124497,after.ed.4,attended.ps,104.50819722294135,4,1.0781677927342179e-21,0.07349488906991758
No MN emp record,Yes,2821,0.36622095287550305,after.ed.4,attended.ps,104.50819722294135,4,1.0781677927342179e-21,0.07349488906991758
Meaningful emp region,AI,400,0.08053150795248641,after.ed.5,RaceEthnicity,205.87357813338997,16,5.139805717535363e-35,0.05157654796961939
Meaningful emp region,Asian/PI,31,0.0062411918663176965,after.ed.5,RaceEthnicity,205.87357813338997,16,5.139805717535363e-35,0.05157654796961939
Meaningful emp region,Black,52,0.010469096033823233,after.ed.5,RaceEthnicity,205.87357813338997,16,5.139805717535363e-35,0.05157654796961939
Meaningful emp region,Hispanic,124,0.024964767465270786,after.ed.5,RaceEthnicity,205.87357813338997,16,5.139805717535363e-35,0.05157654796961939
Meaningful emp region,White,4360,0.8777934366821019,after.ed.5,RaceEthnicity,205.87357813338997,16,5.139805717535363e-35,0.05157654796961939
Meaningful emp MN,AI,128,0.06794055201698514,after.ed.5,RaceEthnicity,205.87357813338997,16,5.139805717535363e-35,0.05157654796961939
Meaningful emp MN,Asian/PI,26,0.013800424628450107,after.ed.5,RaceEthnicity,205.87357813338997,16,5.139805717535363e-35,0.05157654796961939
Meaningful emp MN,Black,48,0.025477707006369428,after.ed.5,RaceEthnicity,205.87357813338997,16,5.139805717535363e-35,0.05157654796961939
Meaningful emp MN,Hispanic,43,0.022823779193205943,after.ed.5,RaceEthnicity,205.87357813338997,16,5.139805717535363e-35,0.05157654796961939
Meaningful emp MN,White,1639,0.8699575371549894,after.ed.5,RaceEthnicity,205.87357813338997,16,5.139805717535363e-35,0.05157654796961939
Not meaningful_in_only,AI,292,0.10871183916604617,after.ed.5,RaceEthnicity,205.87357813338997,16,5.139805717535363e-35,0.05157654796961939
Not meaningful_in_only,Asian/PI,23,0.008562918838421444,after.ed.5,RaceEthnicity,205.87357813338997,16,5.139805717535363e-35,0.05157654796961939
Not meaningful_in_only,Black,45,0.01675353685778109,after.ed.5,RaceEthnicity,205.87357813338997,16,5.139805717535363e-35,0.05157654796961939
Not meaningful_in_only,Hispanic,96,0.035740878629932984,after.ed.5,RaceEthnicity,205.87357813338997,16,5.139805717535363e-35,0.05157654796961939
Not meaningful_in_only,White,2230,0.8302308265078183,after.ed.5,RaceEthnicity,205.87357813338997,16,5.139805717535363e-35,0.05157654796961939
Not meaningful - other,AI,190,0.09859885832900882,after.ed.5,RaceEthnicity,205.87357813338997,16,5.139805717535363e-35,0.05157654796961939
Not meaningful - other,Asian/PI,22,0.011416709911779968,after.ed.5,RaceEthnicity,205.87357813338997,16,5.139805717535363e-35,0.05157654796961939
Not meaningful - other,Black,69,0.03580695381421899,after.ed.5,RaceEthnicity,205.87357813338997,16,5.139805717535363e-35,0.05157654796961939
Not meaningful - other,Hispanic,84,0.043591074208614425,after.ed.5,RaceEthnicity,205.87357813338997,16,5.139805717535363e-35,0.05157654796961939
Not meaningful - other,White,1562,0.8105864037363778,after.ed.5,RaceEthnicity,205.87357813338997,16,5.139805717535363e-35,0.05157654796961939
No MN emp record,AI,576,0.0730593607305936,after.ed.5,RaceEthnicity,205.87357813338997,16,5.139805717535363e-35,0.05157654796961939
No MN emp record,Asian/PI,127,0.01610857432775241,after.ed.5,RaceEthnicity,205.87357813338997,16,5.139805717535363e-35,0.05157654796961939
No MN emp record,Black,167,0.021182141045154743,after.ed.5,RaceEthnicity,205.87357813338997,16,5.139805717535363e-35,0.05157654796961939
No MN emp record,Hispanic,407,0.051623541349568744,after.ed.5,RaceEthnicity,205.87357813338997,16,5.139805717535363e-35,0.05157654796961939
No MN emp record,White,6607,0.8380263825469305,after.ed.5,RaceEthnicity,205.87357813338997,16,5.139805717535363e-35,0.05157654796961939
Meaningful emp region,0,2551,0.5135896919669821,after.ed.5,economic.status,135.57126724667663,4,2.503635536217878e-28,0.08370777310379555
Meaningful emp region,1,2416,0.48641030803301794,after.ed.5,economic.status,135.57126724667663,4,2.503635536217878e-28,0.08370777310379555
Meaningful emp MN,0,999,0.5302547770700637,after.ed.5,economic.status,135.57126724667663,4,2.503635536217878e-28,0.08370777310379555
Meaningful emp MN,1,885,0.4697452229299363,after.ed.5,economic.status,135.57126724667663,4,2.503635536217878e-28,0.08370777310379555
Not meaningful_in_only,0,1203,0.4478778853313477,after.ed.5,economic.status,135.57126724667663,4,2.503635536217878e-28,0.08370777310379555
Not meaningful_in_only,1,1483,0.5521221146686522,after.ed.5,economic.status,135.57126724667663,4,2.503635536217878e-28,0.08370777310379555
Not meaningful - other,0,835,0.43331603528801244,after.ed.5,economic.status,135.57126724667663,4,2.503635536217878e-28,0.08370777310379555
Not meaningful - other,1,1092,0.5666839647119876,after.ed.5,economic.status,135.57126724667663,4,2.503635536217878e-28,0.08370777310379555
No MN emp record,0,4321,0.5480720446473871,after.ed.5,economic.status,135.57126724667663,4,2.503635536217878e-28,0.08370777310379555
No MN emp record,1,3563,0.4519279553526129,after.ed.5,economic.status,135.57126724667663,4,2.503635536217878e-28,0.08370777310379555
Meaningful emp region,0,3784,0.7618280652305215,after.ed.5,SpecialEdStatus,89.80995942377797,4,1.4450234699909638e-18,0.06813091330009093
Meaningful emp region,1,1183,0.23817193476947857,after.ed.5,SpecialEdStatus,89.80995942377797,4,1.4450234699909638e-18,0.06813091330009093
Meaningful emp MN,0,1534,0.8142250530785563,after.ed.5,SpecialEdStatus,89.80995942377797,4,1.4450234699909638e-18,0.06813091330009093
Meaningful emp MN,1,350,0.18577494692144372,after.ed.5,SpecialEdStatus,89.80995942377797,4,1.4450234699909638e-18,0.06813091330009093
Not meaningful_in_only,0,1891,0.7040208488458675,after.ed.5,SpecialEdStatus,89.80995942377797,4,1.4450234699909638e-18,0.06813091330009093
Not meaningful_in_only,1,795,0.29597915115413254,after.ed.5,SpecialEdStatus,89.80995942377797,4,1.4450234699909638e-18,0.06813091330009093
Not meaningful - other,0,1388,0.7202906071613908,after.ed.5,SpecialEdStatus,89.80995942377797,4,1.4450234699909638e-18,0.06813091330009093
Not meaningful - other,1,539,0.27970939283860924,after.ed.5,SpecialEdStatus,89.80995942377797,4,1.4450234699909638e-18,0.06813091330009093
No MN emp record,0,6013,0.7626839167935059,after.ed.5,SpecialEdStatus,89.80995942377797,4,1.4450234699909638e-18,0.06813091330009093
No MN emp record,1,1871,0.23731608320649417,after.ed.5,SpecialEdStatus,89.80995942377797,4,1.4450234699909638e-18,0.06813091330009093
Meaningful emp region,F,1797,0.3617877994765452,after.ed.5,Gender,149.67332071802178,4,2.3918313922905037e-31,0.08795370888047409
Meaningful emp region,M,3170,0.6382122005234548,after.ed.5,Gender,149.67332071802178,4,2.3918313922905037e-31,0.08795370888047409
Meaningful emp MN,F,750,0.3980891719745223,after.ed.5,Gender,149.67332071802178,4,2.3918313922905037e-31,0.08795370888047409
Meaningful emp MN,M,1134,0.6019108280254777,after.ed.5,Gender,149.67332071802178,4,2.3918313922905037e-31,0.08795370888047409
Not meaningful_in_only,F,1290,0.4802680565897245,after.ed.5,Gender,149.67332071802178,4,2.3918313922905037e-31,0.08795370888047409
Not meaningful_in_only,M,1396,0.5197319434102755,after.ed.5,Gender,149.67332071802178,4,2.3918313922905037e-31,0.08795370888047409
Not meaningful - other,F,941,0.48832381940840686,after.ed.5,Gender,149.67332071802178,4,2.3918313922905037e-31,0.08795370888047409
Not meaningful - other,M,986,0.5116761805915931,after.ed.5,Gender,149.67332071802178,4,2.3918313922905037e-31,0.08795370888047409
No MN emp record,F,3310,0.41983764586504313,after.ed.5,Gender,149.67332071802178,4,2.3918313922905037e-31,0.08795370888047409
No MN emp record,M,4574,0.5801623541349569,after.ed.5,Gender,149.67332071802178,4,2.3918313922905037e-31,0.08795370888047409
Meaningful emp region,Entirely rural,520,0.10469096033823233,after.ed.5,Dem_Desc,739.0707917286021,12,1.8959014939122779e-150,0.1128403313774521
Meaningful emp region,Entirely urban,314,0.06321723374270183,after.ed.5,Dem_Desc,739.0707917286021,12,1.8959014939122779e-150,0.1128403313774521
Meaningful emp region,Town/rural mix,3096,0.6233138715522448,after.ed.5,Dem_Desc,739.0707917286021,12,1.8959014939122779e-150,0.1128403313774521
Meaningful emp region,Urban/town/rural mix,1037,0.20877793436682102,after.ed.5,Dem_Desc,739.0707917286021,12,1.8959014939122779e-150,0.1128403313774521
Meaningful emp MN,Entirely rural,164,0.0870488322717622,after.ed.5,Dem_Desc,739.0707917286021,12,1.8959014939122779e-150,0.1128403313774521
Meaningful emp MN,Entirely urban,142,0.07537154989384288,after.ed.5,Dem_Desc,739.0707917286021,12,1.8959014939122779e-150,0.1128403313774521
Meaningful emp MN,Town/rural mix,1301,0.690552016985138,after.ed.5,Dem_Desc,739.0707917286021,12,1.8959014939122779e-150,0.1128403313774521
Meaningful emp MN,Urban/town/rural mix,277,0.1470276008492569,after.ed.5,Dem_Desc,739.0707917286021,12,1.8959014939122779e-150,0.1128403313774521
Not meaningful_in_only,Entirely rural,322,0.11988086373790022,after.ed.5,Dem_Desc,739.0707917286021,12,1.8959014939122779e-150,0.1128403313774521
Not meaningful_in_only,Entirely urban,301,0.11206254653760238,after.ed.5,Dem_Desc,739.0707917286021,12,1.8959014939122779e-150,0.1128403313774521
Not meaningful_in_only,Town/rural mix,1500,0.5584512285927029,after.ed.5,Dem_Desc,739.0707917286021,12,1.8959014939122779e-150,0.1128403313774521
Not meaningful_in_only,Urban/town/rural mix,563,0.20960536113179448,after.ed.5,Dem_Desc,739.0707917286021,12,1.8959014939122779e-150,0.1128403313774521
Not meaningful - other,Entirely rural,162,0.08406850025947069,after.ed.5,Dem_Desc,739.0707917286021,12,1.8959014939122779e-150,0.1128403313774521
Not meaningful - other,Entirely urban,166,0.08614426569797613,after.ed.5,Dem_Desc,739.0707917286021,12,1.8959014939122779e-150,0.1128403313774521
Not meaningful - other,Town/rural mix,1240,0.6434872859366891,after.ed.5,Dem_Desc,739.0707917286021,12,1.8959014939122779e-150,0.1128403313774521
Not meaningful - other,Urban/town/rural mix,359,0.18629994810586403,after.ed.5,Dem_Desc,739.0707917286021,12,1.8959014939122779e-150,0.1128403313774521
No MN emp record,Entirely rural,802,0.10172501268391679,after.ed.5,Dem_Desc,739.0707917286021,12,1.8959014939122779e-150,0.1128403313774521
No MN emp record,Entirely urban,1519,0.19266869609335363,after.ed.5,Dem_Desc,739.0707917286021,12,1.8959014939122779e-150,0.1128403313774521
No MN emp record,Town/rural mix,3861,0.4897260273972603,after.ed.5,Dem_Desc,739.0707917286021,12,1.8959014939122779e-150,0.1128403313774521
No MN emp record,Urban/town/rural mix,1702,0.2158802638254693,after.ed.5,Dem_Desc,739.0707917286021,12,1.8959014939122779e-150,0.1128403313774521
Meaningful emp region,CTE Concentrator or Completor,2844,0.5725790215421783,after.ed.5,cte.achievement,237.15776308270588,8,9.0521116447094e-47,0.07828627615873805
Meaningful emp region,CTE Participant,1311,0.2639420173142742,after.ed.5,cte.achievement,237.15776308270588,8,9.0521116447094e-47,0.07828627615873805
Meaningful emp region,No CTE,812,0.1634789611435474,after.ed.5,cte.achievement,237.15776308270588,8,9.0521116447094e-47,0.07828627615873805
Meaningful emp MN,CTE Concentrator or Completor,912,0.4840764331210191,after.ed.5,cte.achievement,237.15776308270588,8,9.0521116447094e-47,0.07828627615873805
Meaningful emp MN,CTE Participant,501,0.2659235668789809,after.ed.5,cte.achievement,237.15776308270588,8,9.0521116447094e-47,0.07828627615873805
Meaningful emp MN,No CTE,471,0.25,after.ed.5,cte.achievement,237.15776308270588,8,9.0521116447094e-47,0.07828627615873805
Not meaningful_in_only,CTE Concentrator or Completor,1384,0.5152643335815339,after.ed.5,cte.achievement,237.15776308270588,8,9.0521116447094e-47,0.07828627615873805
Not meaningful_in_only,CTE Participant,737,0.27438570364854803,after.ed.5,cte.achievement,237.15776308270588,8,9.0521116447094e-47,0.07828627615873805
Not meaningful_in_only,No CTE,565,0.2103499627699181,after.ed.5,cte.achievement,237.15776308270588,8,9.0521116447094e-47,0.07828627615873805
Not meaningful - other,CTE Concentrator or Completor,874,0.45355474831344056,after.ed.5,cte.achievement,237.15776308270588,8,9.0521116447094e-47,0.07828627615873805
Not meaningful - other,CTE Participant,532,0.2760768033212247,after.ed.5,cte.achievement,237.15776308270588,8,9.0521116447094e-47,0.07828627615873805
Not meaningful - other,No CTE,521,0.2703684483653347,after.ed.5,cte.achievement,237.15776308270588,8,9.0521116447094e-47,0.07828627615873805
No MN emp record,CTE Concentrator or Completor,3652,0.46321664129883305,after.ed.5,cte.achievement,237.15776308270588,8,9.0521116447094e-47,0.07828627615873805
No MN emp record,CTE Participant,2173,0.2756215119228818,after.ed.5,cte.achievement,237.15776308270588,8,9.0521116447094e-47,0.07828627615873805
No MN emp record,No CTE,2059,0.26116184677828513,after.ed.5,cte.achievement,237.15776308270588,8,9.0521116447094e-47,0.07828627615873805
Meaningful emp region,0,2828,0.8374296713058929,after.ed.5,pseo.participant,20.430337014223646,4,4.105957869707129e-4,0.039437211129432714
Meaningful emp region,1,549,0.1625703286941072,after.ed.5,pseo.participant,20.430337014223646,4,4.105957869707129e-4,0.039437211129432714
Meaningful emp MN,0,1016,0.7827426810477658,after.ed.5,pseo.participant,20.430337014223646,4,4.105957869707129e-4,0.039437211129432714
Meaningful emp MN,1,282,0.2172573189522342,after.ed.5,pseo.participant,20.430337014223646,4,4.105957869707129e-4,0.039437211129432714
Not meaningful_in_only,0,1515,0.8324175824175825,after.ed.5,pseo.participant,20.430337014223646,4,4.105957869707129e-4,0.039437211129432714
Not meaningful_in_only,1,305,0.16758241758241757,after.ed.5,pseo.participant,20.430337014223646,4,4.105957869707129e-4,0.039437211129432714
Not meaningful - other,0,1084,0.8268497330282227,after.ed.5,pseo.participant,20.430337014223646,4,4.105957869707129e-4,0.039437211129432714
Not meaningful - other,1,227,0.17315026697177727,after.ed.5,pseo.participant,20.430337014223646,4,4.105957869707129e-4,0.039437211129432714
No MN emp record,0,4389,0.8234521575984991,after.ed.5,pseo.participant,20.430337014223646,4,4.105957869707129e-4,0.039437211129432714
No MN emp record,1,941,0.17654784240150093,after.ed.5,pseo.participant,20.430337014223646,4,4.105957869707129e-4,0.039437211129432714
Meaningful emp region,No,3131,0.6303603784980873,after.ed.5,attended.ps,107.08673298685967,4,3.0419588095708414e-22,0.07439603589199513
Meaningful emp region,Yes,1836,0.3696396215019126,after.ed.5,attended.ps,107.08673298685967,4,3.0419588095708414e-22,0.07439603589199513
Meaningful emp MN,No,1016,0.5392781316348195,after.ed.5,attended.ps,107.08673298685967,4,3.0419588095708414e-22,0.07439603589199513
Meaningful emp MN,Yes,868,0.4607218683651805,after.ed.5,attended.ps,107.08673298685967,4,3.0419588095708414e-22,0.07439603589199513
Not meaningful_in_only,No,1832,0.6820551005212211,after.ed.5,attended.ps,107.08673298685967,4,3.0419588095708414e-22,0.07439603589199513
Not meaningful_in_only,Yes,854,0.31794489947877885,after.ed.5,attended.ps,107.08673298685967,4,3.0419588095708414e-22,0.07439603589199513
Not meaningful - other,No,1279,0.6637259989621173,after.ed.5,attended.ps,107.08673298685967,4,3.0419588095708414e-22,0.07439603589199513
Not meaningful - other,Yes,648,0.33627400103788274,after.ed.5,attended.ps,107.08673298685967,4,3.0419588095708414e-22,0.07439603589199513
No MN emp record,No,4996,0.6336884830035515,after.ed.5,attended.ps,107.08673298685967,4,3.0419588095708414e-22,0.07439603589199513
No MN emp record,Yes,2888,0.3663115169964485,after.ed.5,attended.ps,107.08673298685967,4,3.0419588095708414e-22,0.07439603589199513
